4.956697940826416016e+00
4.275429248809814453e+00
2.911541461944580078e+00
1.770898461341857910e+00
1.667975187301635742e+00
2.154661655426025391e+00
2.451420783996582031e+00
2.190582990646362305e+00
1.842176198959350586e+00
1.615782499313354492e+00
1.518858671188354492e+00
1.503167510032653809e+00
1.630223631858825684e+00
1.579561233520507812e+00
1.754027128219604492e+00
1.651107788085937500e+00
1.671712994575500488e+00
1.641656041145324707e+00
1.529455900192260742e+00
1.550063133239746094e+00
1.528064370155334473e+00
1.513303756713867188e+00
1.458470821380615234e+00
1.498913526535034180e+00
1.569030284881591797e+00
1.610866546630859375e+00
1.476550817489624023e+00
1.553732156753540039e+00
1.519868135452270508e+00
1.474948048591613770e+00
1.468477010726928711e+00
1.411970138549804688e+00
1.478677511215209961e+00
1.421938538551330566e+00
1.453080654144287109e+00
1.537812709808349609e+00
1.442511081695556641e+00
1.433232069015502930e+00
1.457745194435119629e+00
1.452927112579345703e+00
1.382772684097290039e+00
1.406903386116027832e+00
1.400567770004272461e+00
1.442971706390380859e+00
1.363959670066833496e+00
1.404038548469543457e+00
1.419166326522827148e+00
1.434839367866516113e+00
1.418378829956054688e+00
1.450511217117309570e+00
1.418873071670532227e+00
1.438670635223388672e+00
1.376167774200439453e+00
1.401838779449462891e+00
1.425938963890075684e+00
1.408184051513671875e+00
1.440544843673706055e+00
1.430974721908569336e+00
1.408511161804199219e+00
1.431662082672119141e+00
1.462494015693664551e+00
1.401916503906250000e+00
1.412681818008422852e+00
1.350601315498352051e+00
1.439252376556396484e+00
1.429270744323730469e+00
1.423778772354125977e+00
1.376407861709594727e+00
1.439316987991333008e+00
1.396399021148681641e+00
1.479383587837219238e+00
1.407675027847290039e+00
1.398123860359191895e+00
1.421814441680908203e+00
1.375765800476074219e+00
1.401140570640563965e+00
1.360298395156860352e+00
1.435962796211242676e+00
1.327512025833129883e+00
1.471346616744995117e+00
1.425226688385009766e+00
1.440079808235168457e+00
1.397760629653930664e+00
1.374559164047241211e+00
1.381486177444458008e+00
1.385442852973937988e+00
1.382826805114746094e+00
1.421614050865173340e+00
1.426640987396240234e+00
1.364688396453857422e+00
1.418592453002929688e+00
1.390049219131469727e+00
1.428518295288085938e+00
1.350419521331787109e+00
1.408291578292846680e+00
1.413267612457275391e+00
1.389737367630004883e+00
1.381398558616638184e+00
1.446482181549072266e+00
1.383129119873046875e+00
1.398877382278442383e+00
1.412329435348510742e+00
1.425408124923706055e+00
1.414080500602722168e+00
1.422293901443481445e+00
1.368686199188232422e+00
1.368829250335693359e+00
1.389195680618286133e+00
1.362599968910217285e+00
1.367177248001098633e+00
1.384181499481201172e+00
1.433736085891723633e+00
1.373111963272094727e+00
1.325389385223388672e+00
1.317304253578186035e+00
1.388904452323913574e+00
1.367880940437316895e+00
1.428437232971191406e+00
1.359811186790466309e+00
1.437191486358642578e+00
1.386171579360961914e+00
1.396756410598754883e+00
1.380436420440673828e+00
1.420948266983032227e+00
1.351414918899536133e+00
1.444766044616699219e+00
1.432759523391723633e+00
1.435415029525756836e+00
1.316684126853942871e+00
1.411456108093261719e+00
1.377867460250854492e+00
1.345541238784790039e+00
1.322789669036865234e+00
1.327330589294433594e+00
1.331268191337585449e+00
1.422960519790649414e+00
1.342159867286682129e+00
1.370069742202758789e+00
1.346590757369995117e+00
1.313171148300170898e+00
1.350133538246154785e+00
1.415381669998168945e+00
1.369807124137878418e+00
1.350524663925170898e+00
1.385359048843383789e+00
1.341563224792480469e+00
1.354129076004028320e+00
1.359941482543945312e+00
1.376410007476806641e+00
1.337619066238403320e+00
1.281232357025146484e+00
1.366234183311462402e+00
1.341890096664428711e+00
1.353290677070617676e+00
1.364633083343505859e+00
1.387956738471984863e+00
1.368766546249389648e+00
1.313824653625488281e+00
1.368282079696655273e+00
1.333923101425170898e+00
1.400858402252197266e+00
1.338535785675048828e+00
1.359868407249450684e+00
1.322033762931823730e+00
1.406813859939575195e+00
1.342998504638671875e+00
1.373907923698425293e+00
1.358329534530639648e+00
1.369379997253417969e+00
1.404466867446899414e+00
1.414727926254272461e+00
1.374353885650634766e+00
1.321394681930541992e+00
1.367656946182250977e+00
1.322106480598449707e+00
1.317621946334838867e+00
1.378084540367126465e+00
1.344448685646057129e+00
1.320135354995727539e+00
1.380225896835327148e+00
1.344480633735656738e+00
1.396392822265625000e+00
1.321328163146972656e+00
1.327444076538085938e+00
1.333945512771606445e+00
1.286443471908569336e+00
1.333846330642700195e+00
1.280781030654907227e+00
1.340871334075927734e+00
1.355803966522216797e+00
1.281932115554809570e+00
1.293207883834838867e+00
1.359581351280212402e+00
1.303824901580810547e+00
1.352223038673400879e+00
1.292316675186157227e+00
1.325731992721557617e+00
1.285111784934997559e+00
1.334168672561645508e+00
1.283012032508850098e+00
1.361325979232788086e+00
1.274326443672180176e+00
1.315259933471679688e+00
1.313196301460266113e+00
1.308971643447875977e+00
1.302194714546203613e+00
1.312543511390686035e+00
1.340696215629577637e+00
1.348944902420043945e+00
1.343965291976928711e+00
1.289657592773437500e+00
1.289672374725341797e+00
1.265776395797729492e+00
1.331905364990234375e+00
1.316997647285461426e+00
1.299838304519653320e+00
1.396361589431762695e+00
1.339220404624938965e+00
1.370307564735412598e+00
1.346775889396667480e+00
1.315639138221740723e+00
1.325313329696655273e+00
1.355886220932006836e+00
1.322412252426147461e+00
1.273616313934326172e+00
1.302108764648437500e+00
1.249555230140686035e+00
1.306838035583496094e+00
1.360587358474731445e+00
1.349847316741943359e+00
1.303287506103515625e+00
1.298624634742736816e+00
1.257933616638183594e+00
1.257649660110473633e+00
1.294676780700683594e+00
1.331461906433105469e+00
1.320269107818603516e+00
1.309749603271484375e+00
1.297118663787841797e+00
1.308128714561462402e+00
1.310075163841247559e+00
1.337603330612182617e+00
1.328811883926391602e+00
1.316279411315917969e+00
1.323755979537963867e+00
1.261538386344909668e+00
1.315235853195190430e+00
1.279658079147338867e+00
1.295371055603027344e+00
1.235771775245666504e+00
1.308210372924804688e+00
1.248819112777709961e+00
1.294090509414672852e+00
1.248955845832824707e+00
1.304813623428344727e+00
1.347691059112548828e+00
1.297538995742797852e+00
1.331255912780761719e+00
1.224448680877685547e+00
1.266715764999389648e+00
1.306119918823242188e+00
1.246950149536132812e+00
1.260363340377807617e+00
1.281939029693603516e+00
1.278016567230224609e+00
1.321583509445190430e+00
1.306207418441772461e+00
1.291398763656616211e+00
1.230401277542114258e+00
1.298194169998168945e+00
1.324712038040161133e+00
1.291176199913024902e+00
1.331792473793029785e+00
1.291019916534423828e+00
1.309867143630981445e+00
1.284023761749267578e+00
1.270682930946350098e+00
1.263644218444824219e+00
1.287815332412719727e+00
1.369817137718200684e+00
1.282944798469543457e+00
1.281871676445007324e+00
1.229889512062072754e+00
1.265841841697692871e+00
1.299916028976440430e+00
1.289064645767211914e+00
1.297186613082885742e+00
1.249505996704101562e+00
1.249181985855102539e+00
1.299871683120727539e+00
1.294343709945678711e+00
1.275149583816528320e+00
1.273031234741210938e+00
1.264305591583251953e+00
1.313009262084960938e+00
1.281058311462402344e+00
1.301446795463562012e+00
1.249909877777099609e+00
1.300117969512939453e+00
1.329725980758666992e+00
1.318091869354248047e+00
1.304981470108032227e+00
1.318604230880737305e+00
1.297130823135375977e+00
1.285905957221984863e+00
1.261451840400695801e+00
1.266553521156311035e+00
1.297951817512512207e+00
1.302236795425415039e+00
1.231314063072204590e+00
1.300415992736816406e+00
1.294579386711120605e+00
1.310785770416259766e+00
1.245913147926330566e+00
1.301337003707885742e+00
1.215545177459716797e+00
1.291002273559570312e+00
1.217521190643310547e+00
1.300366997718811035e+00
1.332095384597778320e+00
1.291820168495178223e+00
1.271034479141235352e+00
1.264741897583007812e+00
1.242135047912597656e+00
1.210091233253479004e+00
1.248822450637817383e+00
1.280690908432006836e+00
1.249678730964660645e+00
1.297000288963317871e+00
1.242642641067504883e+00
1.209907412528991699e+00
1.303662538528442383e+00
1.275675773620605469e+00
1.271887063980102539e+00
1.287895202636718750e+00
1.262002468109130859e+00
1.320322751998901367e+00
1.262759208679199219e+00
1.259706258773803711e+00
1.243173360824584961e+00
1.278411507606506348e+00
1.285798788070678711e+00
1.280234813690185547e+00
1.208795070648193359e+00
1.284999966621398926e+00
1.291527032852172852e+00
1.290313720703125000e+00
1.251070022583007812e+00
1.300888538360595703e+00
1.285274505615234375e+00
1.268202066421508789e+00
1.311274886131286621e+00
1.290399074554443359e+00
1.335269570350646973e+00
1.281295299530029297e+00
1.315008401870727539e+00
1.271783471107482910e+00
1.291828989982604980e+00
1.315348267555236816e+00
1.250678300857543945e+00
1.287760019302368164e+00
1.212401032447814941e+00
1.298900127410888672e+00
1.328142642974853516e+00
1.281964182853698730e+00
1.244631767272949219e+00
1.250565767288208008e+00
1.274769067764282227e+00
1.309119462966918945e+00
1.242099523544311523e+00
1.254048943519592285e+00
1.251162528991699219e+00
1.227601647377014160e+00
1.246232509613037109e+00
1.262339711189270020e+00
1.293843865394592285e+00
1.221804857254028320e+00
1.292221307754516602e+00
1.281146645545959473e+00
1.213337421417236328e+00
1.267877101898193359e+00
1.293370723724365234e+00
1.248695850372314453e+00
1.295872449874877930e+00
1.244002103805541992e+00
1.264995455741882324e+00
1.273756265640258789e+00
1.278576731681823730e+00
1.273452758789062500e+00
1.261276483535766602e+00
1.315725803375244141e+00
